Y:

0.00545613 + -0.00424278i	0.00100978 + 0.00357613i	0.00100978 + 0.00357613i	-0.000690604 + 0.00130363i	
0.00100978 + 0.00357613i	0.00545613 + -0.00424278i	-0.000690604 + 0.00130363i	0.00100978 + 0.00357613i	
0.00100978 + 0.00357613i	-0.000690604 + 0.00130363i	0.00545613 + -0.00424278i	0.00100978 + 0.00357613i	
-0.000690604 + 0.00130363i	0.00100978 + 0.00357613i	0.00100978 + 0.00357613i	0.00545613 + -0.00424278i	



A:

0.734005	0.0583907	0.0583907	-0.0615215	-0	0.258469	0.258469	-0.131037	
0.0583907	0.0956609	0.0956609	-0.0510366	-0.258469	-0	-0	0.0112398	
0.0583907	0.0956609	0.0956609	-0.0510366	-0.258469	-0	-0	0.0112398	
-0.0615215	-0.0510366	-0.0510366	0.0285495	0.131037	-0.0112398	-0.0112398	-0	
0	-0.258469	-0.258469	0.131037	0.734005	0.0583907	0.0583907	-0.0615215	
0.258469	0	0	-0.0112398	0.0583907	0.0956609	0.0956609	-0.0510366	
0.258469	0	0	-0.0112398	0.0583907	0.0956609	0.0956609	-0.0510366	
-0.131037	0.0112398	0.0112398	0	-0.0615215	-0.0510366	-0.0510366	0.0285495	



B:

0

0.0109123	0.00100978	0.00100978	-0.000690604	-0	-0.00357613	-0.00357613	-0.00130363	
0.00100978	0	0	0	0.00357613	-0	-0	-0	
0.00100978	0	0	0	0.00357613	-0	-0	-0	
-0.000690604	0	0	0	0.00130363	-0	-0	-0	
0	0.00357613	0.00357613	0.00130363	0.0109123	0.00100978	0.00100978	-0.000690604	
-0.00357613	0	0	0	0.00100978	0	0	0	
-0.00357613	0	0	0	0.00100978	0	0	0	
-0.00130363	0	0	0	-0.000690604	0	0	0	


1

0	0.00100978	0	0	-0	0.00357613	-0	-0	
0.00100978	0.0109123	-0.000690604	0.00100978	-0.00357613	-0	-0.00130363	-0.00357613	
0	-0.000690604	0	0	-0	0.00130363	-0	-0	
0	0.00100978	0	0	-0	0.00357613	-0	-0	
0	-0.00357613	0	0	0	0.00100978	0	0	
0.00357613	0	0.00130363	0.00357613	0.00100978	0.0109123	-0.000690604	0.00100978	
0	-0.00130363	0	0	0	-0.000690604	0	0	
0	-0.00357613	0	0	0	0.00100978	0	0	


2

0	0	0.00100978	0	-0	-0	0.00357613	-0	
0	0	-0.000690604	0	-0	-0	0.00130363	-0	
0.00100978	-0.000690604	0.0109123	0.00100978	-0.00357613	-0.00130363	-0	-0.00357613	
0	0	0.00100978	0	-0	-0	0.00357613	-0	
0	0	-0.00357613	0	0	0	0.00100978	0	
0	0	-0.00130363	0	0	0	-0.000690604	0	
0.00357613	0.00130363	0	0.00357613	0.00100978	-0.000690604	0.0109123	0.00100978	
0	0	-0.00357613	0	0	0	0.00100978	0	


3

0	0	0	-0.000690604	-0	-0	-0	0.00130363	
0	0	0	0.00100978	-0	-0	-0	0.00357613	
0	0	0	0.00100978	-0	-0	-0	0.00357613	
-0.000690604	0.00100978	0.00100978	0.0109123	-0.00130363	-0.00357613	-0.00357613	-0	
0	0	0	-0.00130363	0	0	0	-0.000690604	
0	0	0	-0.00357613	0	0	0	0.00100978	
0	0	0	-0.00357613	0	0	0	0.00100978	
0.00130363	0.00357613	0.00357613	0	-0.000690604	0.00100978	0.00100978	0.0109123	




BSumm:

0.0109123	0.00201956	0.00201956	-0.00138121	0	0	0	0	
0.00201956	0.0109123	-0.00138121	0.00201956	0	0	0	0	
0.00201956	-0.00138121	0.0109123	0.00201956	0	0	0	0	
-0.00138121	0.00201956	0.00201956	0.0109123	0	0	0	0	
0	0	0	0	0.0109123	0.00201956	0.00201956	-0.00138121	
0	0	0	0	0.00201956	0.0109123	-0.00138121	0.00201956	
0	0	0	0	0.00201956	-0.00138121	0.0109123	0.00201956	
0	0	0	0	-0.00138121	0.00201956	0.00201956	0.0109123	


