Y:

0.0154374 + -0.00457714i	0.00308401 + 0.00459809i	0.00308095 + 0.00459671i	0.00145459 + 0.00179627i	
0.00308095 + 0.00459671i	0.0154374 + -0.00457714i	0.00145459 + 0.00179627i	0.00308401 + 0.00459809i	
0.00308401 + 0.00459809i	0.00145459 + 0.00179627i	0.0154374 + -0.00457714i	0.00308095 + 0.00459671i	
0.00145459 + 0.00179627i	0.00308095 + 0.00459671i	0.00308401 + 0.00459809i	0.0154374 + -0.00457714i	



A:

0.750095	0.118982	0.120548	-0.0886902	-0	0.371476	0.373224	-0.0194836	
0.118982	0.202842	0.203956	-0.0237173	-0.371476	-0	-0.00049836	0.0408322	
0.120548	0.203956	0.205078	-0.0239478	-0.373224	0.00049836	-0	0.0409982	
-0.0886902	-0.0237173	-0.0239478	0.0109927	0.0194836	-0.0408322	-0.0409982	-0	
0	-0.371476	-0.373224	0.0194836	0.750095	0.118982	0.120548	-0.0886902	
0.371476	0	0.00049836	-0.0408322	0.118982	0.202842	0.203956	-0.0237173	
0.373224	-0.00049836	0	-0.0409982	0.120548	0.203956	0.205078	-0.0239478	
-0.0194836	0.0408322	0.0409982	0	-0.0886902	-0.0237173	-0.0239478	0.0109927	



B:

0

0.0308748	0.00308401	0.00308095	0.00145459	-0	-0.00459809	-0.00459671	-0.00179627	
0.00308401	0	0	0	0.00459809	-0	-0	-0	
0.00308095	0	0	0	0.00459671	-0	-0	-0	
0.00145459	0	0	0	0.00179627	-0	-0	-0	
0	0.00459809	0.00459671	0.00179627	0.0308748	0.00308401	0.00308095	0.00145459	
-0.00459809	0	0	0	0.00308401	0	0	0	
-0.00459671	0	0	0	0.00308095	0	0	0	
-0.00179627	0	0	0	0.00145459	0	0	0	


1

0	0.00308095	0	0	-0	0.00459671	-0	-0	
0.00308095	0.0308748	0.00145459	0.00308401	-0.00459671	-0	-0.00179627	-0.00459809	
0	0.00145459	0	0	-0	0.00179627	-0	-0	
0	0.00308401	0	0	-0	0.00459809	-0	-0	
0	-0.00459671	0	0	0	0.00308095	0	0	
0.00459671	0	0.00179627	0.00459809	0.00308095	0.0308748	0.00145459	0.00308401	
0	-0.00179627	0	0	0	0.00145459	0	0	
0	-0.00459809	0	0	0	0.00308401	0	0	


2

0	0	0.00308401	0	-0	-0	0.00459809	-0	
0	0	0.00145459	0	-0	-0	0.00179627	-0	
0.00308401	0.00145459	0.0308748	0.00308095	-0.00459809	-0.00179627	-0	-0.00459671	
0	0	0.00308095	0	-0	-0	0.00459671	-0	
0	0	-0.00459809	0	0	0	0.00308401	0	
0	0	-0.00179627	0	0	0	0.00145459	0	
0.00459809	0.00179627	0	0.00459671	0.00308401	0.00145459	0.0308748	0.00308095	
0	0	-0.00459671	0	0	0	0.00308095	0	


3

0	0	0	0.00145459	-0	-0	-0	0.00179627	
0	0	0	0.00308095	-0	-0	-0	0.00459671	
0	0	0	0.00308401	-0	-0	-0	0.00459809	
0.00145459	0.00308095	0.00308401	0.0308748	-0.00179627	-0.00459671	-0.00459809	-0	
0	0	0	-0.00179627	0	0	0	0.00145459	
0	0	0	-0.00459671	0	0	0	0.00308095	
0	0	0	-0.00459809	0	0	0	0.00308401	
0.00179627	0.00459671	0.00459809	0	0.00145459	0.00308095	0.00308401	0.0308748	




BSumm:

0.0308748	0.00616496	0.00616496	0.00290918	0	-1.38e-06	1.38e-06	0	
0.00616496	0.0308748	0.00290918	0.00616496	1.38e-06	0	0	-1.38e-06	
0.00616496	0.00290918	0.0308748	0.00616496	-1.38e-06	0	0	1.38e-06	
0.00290918	0.00616496	0.00616496	0.0308748	0	1.38e-06	-1.38e-06	0	
0	1.38e-06	-1.38e-06	0	0.0308748	0.00616496	0.00616496	0.00290918	
-1.38e-06	0	0	1.38e-06	0.00616496	0.0308748	0.00290918	0.00616496	
1.38e-06	0	0	-1.38e-06	0.00616496	0.00290918	0.0308748	0.00616496	
0	-1.38e-06	1.38e-06	0	0.00290918	0.00616496	0.00616496	0.0308748	


