Y:

0.00990619 + -0.00549187i	0.00221349 + 0.00645475i	0.00221349 + 0.00645474i	-0.000957096 + 0.00265597i	
0.00221349 + 0.00645474i	0.00990619 + -0.00549187i	-0.000957096 + 0.00265597i	0.00221349 + 0.00645475i	
0.00221349 + 0.00645475i	-0.000957096 + 0.00265597i	0.00990619 + -0.00549187i	0.00221349 + 0.00645474i	
-0.000957096 + 0.00265597i	0.00221349 + 0.00645474i	0.00221349 + 0.00645475i	0.00990619 + -0.00549187i	



A:

1.62399	0.173081	0.17308	-0.133645	-0	0.571828	0.571825	-0.272683	
0.173081	0.219794	0.219793	-0.110258	-0.571828	-0	-1.38778e-17	0.0179962	
0.17308	0.219793	0.219792	-0.110258	-0.571825	1.38778e-17	-0	0.0179962	
-0.133645	-0.110258	-0.110258	0.056784	0.272683	-0.0179962	-0.0179962	-0	
0	-0.571828	-0.571825	0.272683	1.62399	0.173081	0.17308	-0.133645	
0.571828	0	1.38778e-17	-0.0179962	0.173081	0.219794	0.219793	-0.110258	
0.571825	-1.38778e-17	0	-0.0179962	0.17308	0.219793	0.219792	-0.110258	
-0.272683	0.0179962	0.0179962	0	-0.133645	-0.110258	-0.110258	0.056784	



B:

0

0.0198124	0.00221349	0.00221349	-0.000957096	-0	-0.00645475	-0.00645474	-0.00265597	
0.00221349	0	0	0	0.00645475	-0	-0	-0	
0.00221349	0	0	0	0.00645474	-0	-0	-0	
-0.000957096	0	0	0	0.00265597	-0	-0	-0	
0	0.00645475	0.00645474	0.00265597	0.0198124	0.00221349	0.00221349	-0.000957096	
-0.00645475	0	0	0	0.00221349	0	0	0	
-0.00645474	0	0	0	0.00221349	0	0	0	
-0.00265597	0	0	0	-0.000957096	0	0	0	


1

0	0.00221349	0	0	-0	0.00645474	-0	-0	
0.00221349	0.0198124	-0.000957096	0.00221349	-0.00645474	-0	-0.00265597	-0.00645475	
0	-0.000957096	0	0	-0	0.00265597	-0	-0	
0	0.00221349	0	0	-0	0.00645475	-0	-0	
0	-0.00645474	0	0	0	0.00221349	0	0	
0.00645474	0	0.00265597	0.00645475	0.00221349	0.0198124	-0.000957096	0.00221349	
0	-0.00265597	0	0	0	-0.000957096	0	0	
0	-0.00645475	0	0	0	0.00221349	0	0	


2

0	0	0.00221349	0	-0	-0	0.00645475	-0	
0	0	-0.000957096	0	-0	-0	0.00265597	-0	
0.00221349	-0.000957096	0.0198124	0.00221349	-0.00645475	-0.00265597	-0	-0.00645474	
0	0	0.00221349	0	-0	-0	0.00645474	-0	
0	0	-0.00645475	0	0	0	0.00221349	0	
0	0	-0.00265597	0	0	0	-0.000957096	0	
0.00645475	0.00265597	0	0.00645474	0.00221349	-0.000957096	0.0198124	0.00221349	
0	0	-0.00645474	0	0	0	0.00221349	0	


3

0	0	0	-0.000957096	-0	-0	-0	0.00265597	
0	0	0	0.00221349	-0	-0	-0	0.00645474	
0	0	0	0.00221349	-0	-0	-0	0.00645475	
-0.000957096	0.00221349	0.00221349	0.0198124	-0.00265597	-0.00645474	-0.00645475	-0	
0	0	0	-0.00265597	0	0	0	-0.000957096	
0	0	0	-0.00645474	0	0	0	0.00221349	
0	0	0	-0.00645475	0	0	0	0.00221349	
0.00265597	0.00645474	0.00645475	0	-0.000957096	0.00221349	0.00221349	0.0198124	




BSumm:

0.0198124	0.00442698	0.00442698	-0.00191419	0	-1e-08	1e-08	0	
0.00442698	0.0198124	-0.00191419	0.00442698	1e-08	0	0	-1e-08	
0.00442698	-0.00191419	0.0198124	0.00442698	-1e-08	0	0	1e-08	
-0.00191419	0.00442698	0.00442698	0.0198124	0	1e-08	-1e-08	0	
0	1e-08	-1e-08	0	0.0198124	0.00442698	0.00442698	-0.00191419	
-1e-08	0	0	1e-08	0.00442698	0.0198124	-0.00191419	0.00442698	
1e-08	0	0	-1e-08	0.00442698	-0.00191419	0.0198124	0.00442698	
0	-1e-08	1e-08	0	-0.00191419	0.00442698	0.00442698	0.0198124	


